21.2733636268
22.8414207089
25.7378009939
25.5792513573
26.9565594986
31.8845181867
29.9821780396
18.7604317648
31.2330498031
31.0044077512
36.9565501637
50.8693679929
66.9922450736
54.7174807534
25.4446851032
40.0949311011
51.4548889805
43.4422018319
37.5841043528
34.4663154399
35.5812661382
33.8467162366
33.4259270627
40.3426684789
45.1038590367
47.7123191639
51.630206275
43.5370864896
36.6127464143
40.3325612874
43.7481919626
49.0587871844
50.2768306479
22.763833157
37.2822129172
51.6407929838
47.0378124491
54.3933865465
46.7649558965
38.8335640909
32.7628036041
24.7257173809
22.9898260107
17.4015257952
14.8414352406
23.8898995393
35.8033895043
38.3426837871
25.7707139986
19.1972758484
