0.855862138431
0.903991150399
0.943927963353
0.942761899951
0.965246082613
1.06023582282
1.23636564171
1.22543869696
1.08761206319
0.744110206891
0.658255269633
0.661286624695
0.851116913238
1.13714554917
1.2320714265
1.03542261903
0.84528101836
0.797496081495
0.758089704455
0.69663476801
0.748932573734
0.829276793357
0.895432856221
0.854868410927
0.802558409089
0.86585218138
0.971648084442
1.07912001186
1.10801624537
1.0752674086
1.12685402781
1.28206864091
1.13441614939
0.951314879522
0.957183368013
0.945145491446
0.932362590412
0.871837140755
0.748131004571
0.746726188104
0.774338427304
0.832406150866
0.823711114408
0.692242731995
0.655820097283
0.726154253585
0.868619594529
1.05778069561
1.07986110218
1.07135428314
